%YAML:1.0
---
image_width: 640
image_height: 480
camera_matrix: !!opencv-matrix
   rows: 3
   cols: 3
   dt: d
   data: [ 6.1946847135069413e+02, 0., 3.1139573388114781e+02, 0.,
       6.2026674826827377e+02, 2.6262464610372007e+02, 0., 0., 1. ]
distortion_coefficients: !!opencv-matrix
   rows: 1
   cols: 5
   dt: d
   data: [ -5.4075984733791150e-03, -3.7088631936840442e-02,
       2.5747924107410117e-03, -2.7346435103837298e-03,
       -1.7136769057693339e-02 ]
