%YAML:1.0
---
image_width: 640
image_height: 480
camera_matrix: !!opencv-matrix
   rows: 3
   cols: 3
   dt: d
   data: [ 6.4399089938966449e+02, 0., 3.1445258832538389e+02, 0.,
       6.4538769591993332e+02, 2.5765789753415248e+02, 0., 0., 1. ]
distortion_coefficients: !!opencv-matrix
   rows: 1
   cols: 5
   dt: d
   data: [ 5.9340212250930897e-02, -5.3415911583821286e-02,
       -1.7890520756544989e-03, 1.7633474275410136e-03,
       -2.1310821164737298e-01 ]
